3206074788
3206049577
3206015047
3205882385
3200138628
3200144091
3199611714
3199555548
3199489700
3195360712
3194027938
3194023445
3187819394
3187824562
3187757588
3187719161
3186649215
3186644133
3186588350
3186602509
3206405807
3202949094
3202943657
3201109685
3200391733
3200356218
3200267547
3200261749
3200247994
3200231989
3200184033
3200078628
3200122481
3200058255
3199994683
3199960904
3199936622
3199894522
3199891542
3199885410
3204251521
3203986851
3200861302
3200686595
3200732178
3200579070
3200567118
3200563696
3200448525
3200443927
3200417599
3200284482
3200226695
3199713206
3199712204
3199720228
3199669162
3199697505
3199694307
3199458293
3207751948
3207687284
3207701898
3207233029
3207251340
3207188252
3206359412
3206296101
3206334229
3206025981
3206001396
3204898495
3204747638
3204571599
3202744678
3202707213
3201838182
3200952176
3200355488
3198919182
3204954463
3204879678
3202911455
3202852117
3201772478
3201708082
3201702387
3200430047
3199576897
3198805284
3197573738
3196633015
3196058087
3195688986
3191797888
3190596681
3190623382
3190620894
3190587117
3190525536
3205723052
3204714056
3204588910
3203857941
3203823179
3203475081
3203422406
3203351731
3203275949
3202669161
3202519452
3202500954
3202209510
3202047361
3202009469
3202013676
3201565991
3201423808
3201345119
3201263478
3207923143
3207869338
3207871427
3207794225
3207810472
3207751912
3207663335
3207626679
3207632904
3207565678
3206922549
3206858122
3206862683
3206808806
3206505526
3206272605
3205700919
3205663963
3205651407
3205608643
3203329882
3202941381
3201403847
3201244088
3201123465
3201059408
3201066572
3199931127
3199876229
3199842661
3199582093
3199528019
3199515014
3199379193
3199364298
3199129118
3199144595
3198979577
3198696092
3198638229
3208436061
3208453624
3208408593
3208405176
3208338386
3208124136
3208121299
3208080934
3208029223
3208015486
3208021841
3207976901
3207878880
3207753200
3207559249
3207575682
3207572095
3206999901
3206935760
3208519496
3208524721
3208232653
3207557046
3207512219
3207267021
3207253356
3207168021
3206692468
3206352060
3206370072
3206327396
3206321519
3206309994
3205596953
3205602942
3205600138
3205528214
3205515601
3203478864
3208338181
3208103273
3207936322
3206164076
3205649129
3205645783
3204942605
3203778196
3203763369
3203455257
3202164642
3201264295
3201252785
3199919836
3198626685
3198538114
3197015666
3196100526
3194465287
3207962874
3207914336
3206664958
3203606591
3203621244
3203516558
3201060044
3200987463
3199777160
3199504705
3198543063
3198397650
3196950045
3195906965
3195914674
3195869137
3195867441
3195251842
3194381475
3194357376
3207687452
3206594299
3205852187
3204721962
3203650040
3202812278
3201472543
3200022323
3199217565
3197194021
3196531244
3195416707
3192958867
3192056497
3192053078
3191209757
3190191338
3188881961
3208423330
3208108003
3208106454
3208104844
3208048869
3208066637
3208020797
3208005259
3207950107
3207037098
3207015499
3206968678
3207007105
3207006219
3206985141
3206964116
3207967495
3208001952
3207914383
3206130951
3206108359
3206095554
3206050875
3206025456
3205989383
3205868461
3205786187
3205800054
3205012534
3204976649
3204983496
3204931294
3204876186
3204869643
3204455129
3204491716
3208550736
3207239446
3206192571
3205064562
3204215680
3202973078
3198636180
3198639808
3197998732
3198024349
3196015376
3196010664
3195711337
3193440929
3193383245
3191341287
3191295164
3191192064
3188489234
3188494222
3201533821
3201449434
3201198745
3201014441
3200052698
3199987906
3200003228
3199919459
3199932371
3199859530
3199792770
3199771487
3199767760
3199745982
3199754077
3198795802
3198708982
3198703595
3208543571
3207611964
3207576923
3207562558
3207287375
3204936805
3204941946
3203524191
3203015832
3203020018
3202932906
3201528523
3201542273
3201446259
3201394751
3201380788
3201023050
3200390523
3200344701
3200320668
3206659859
3205811593
3204732759
3203618145
3202692199
3201659486
3200433279
3199642245
3198685320
3197259403
3196751719
3195589142
3195613220
3195399273
3194324420
3193263240
3191775322
3191772559
3191748809
3208029283
3208016072
3207623134
3207568273
3207268170
3207242346
3207241340
3206941716
3206858760
3206831107
3206774823
3206757510
3206657717
3206413152
3206189316
3206198962
3206227735
3206177523
3206176731
3206155546
3208530939
3208434886
3208431621
3208243641
3207903789
3207888584
3206343034
3205839158
3205779104
3204406134
3203377282
3203326800
3203314360
3203248595
3200363748
3200330115
3200055775
3195961904
3203912918
3201357372
3201331013
3201274988
3201194357
3201188805
3200727806
3200763281
3200721235
3200576056
3199692841
3199625692
3201487198
3201398361
3201373037
3201186703
3201181203
3201075471
3200230290
3200146548
3199986967
3199989917
3199925317
3199097777
3199054491
3199049085
3199046241
3198735009
3198642177
3198603762
3207971213
3206970719
3206897895
3206934852
3206787051
3206775583
3206783665
3206772291
3206656816
3206639451
3204914612
3204890277
3204809539
3204764718
3204737015
3204668757
3204638830
3204300857
3204219341
3204256368
3207869519
3206997327
3206996161
3206907394
3206845465
3206808771
3206780410
3206725529
3206687945
3206401853
3206348703
3206336889
3206342354
3204896345
3204869729
3204267878
3204218468
3204216694
3204253874
3204069159
3207153257
3207170507
3207128919
3206377706
3206393544
3205828304
3205625486
3205582807
3204998829
3205041708
3204842615
3204775273
3204761939
3204503211
3203408026
3203007980
3202986163
3202967183
3202910701
3202843275
3208539221
3208282294
3208020273
3208004496
3207960305
3207944393
3207853415
3207806834
3207155929
3207161148
3206713635
3206665867
3206609151
3206538812
3206422323
3206081322
3206036674
3206022770
3205936267
3205908765
3207811793
3207747348
3207752850
3202506391
3202259666
3202253896
3200456155
3200461431
3200415250
3199547675
3199544200
3199428226
3199318574
3199291835
3199286194
3198842496
3198791609
3198748245
3207650182
3207148579
3207136982
3206837645
3206822437
3206520021
3206410724
3206047648
3206001645
3205587049
3205604525
3205581507
3205057927
3205074220
3205099774
3205025787
3204986011
3204777215
3204542912
3204509727
3207923767
3207759651
3207760538
3206805067
3206362776
3205895831
3205911323
3205847719
3205863354
3204764014
3204708406
3204667331
3203837178
3203842077
3203794962
3203751166
3203696853
3203517286
3203532860
3203496984
3199916166
3198669307
3198642337
3198547182
3198488255
3191586096
3191529270
3191561838
3191501652
3191392119
3191365030
3191279500
3190368536
3190353297
3190289602
3203419559
3203413864
3203359050
3203353954
3203340844
3203276659
3199604068
3197427083
3197420819
3197382651
3197326675
3197080637
3195856604
3195864313
3192227289
3191884783
3191903495
3190360440
3188386724
3208398026
3208412234
3208339583
3208326906
3208314689
3208151916
3207613035
3207579068
3207556703
3207524397
3207243714
3207229875
3207184921
3207172618
3206476722
3206512034
3206438492
3206387572
3206396122
3206071528
3208465258
3208440880
3207152277
3207117564
3206862622
3206160833
3206058736
3206093615
3205058666
3205074659
3205061310
3205024363
3204968347
3204581764
3204555566
3204559808
3204025094
3204060806
3203812774
3203804908
3203512970
3201642863
3201406324
3200875572
3200172603
3200114662
3200017471
3203282495
3202978902
3202926228
3202886081
3201932619
3197417564
3197430141
3197099008
3197083360
3196620650
3194983254
3194958015
3194955813
3194963798
3193517548
3193495780
3193513263
3193488696
3193484853
3193433345
3199342112
3199244191
3199226656
3197594178
3197619838
3197585543
3197062051
3197017623
3196879774
3196866443
3196863953
3196832711
3196789235
3196755688
3196698177
3196730759
3207696171
3207690258
3203361888
3203294788
3203218107
3203263271
3203231478
3203206624
3201969366
3201927925
3201914831
3201830424
3201774516
3201762444
3198701574
3198646381
3198628635
3207166317
3207152966
3207170147
3204583044
3204516036
3203363808
3203309716
3202245459
3200440963
3200383854
3200317617
3196762619
3195311181
3194027135
3193186451
3203730662
3203636658
3203627116
3203098684
3203095859
3203131102
3203038965
3203033507
3203005906
3201827510
3201825737
3201814706
3201793650
3201747570
3201270402
3205001726
3204952326
3204580811
3204475603
3204470920
3202898974
3196006022
3195984204
3193181764
3193123066
3193056153
3193011887
3192984816
3192908517
3192890233
3192866084
3192862113
3192778392
3192152567
3208063834
3208020176
3207730826
3207645724
3207591706
3206994183
3206982331
3206970615
3206898909
3206920977
3206876648
3206882743
3206783778
3206717658
3206056864
3198626213
3197741542
3197605249
3197593316
3197549702
3197542838
3196919836
3196828436
3196837605
3196836162
3196844265
3196822069
3196796237
3196717070
3196722743
3208537111
3208445771
3206140330
3201821336
3201787383
3201701348
3201625848
3201620598
3201561754
3201494048
3201463545
3201146491
3200726974
3200448126
3200399492
3200359645
3201746456
3201761223
3201686465
3200740295
3196763928
3196709112
3196714258
3196653615
3196116170
3196063798
3196027108
3196012205
3188826574
3188809716
3188763768
3184825551
3184755259
3184763689
3208065146
3206488191
3206005834
3205954965
3205534298
3204968132
3204928557
3204860789
3204793845
3204729005
3203633353
3203604697
3203517057
3203226298
3203223354
3200870225
3200738608
3205941367
3205875110
3205749546
3205733803
3205666451
3200014494
3200030092
3199952618
3199897528
3195236984
3195259915
3194806264
3194762025
3187598986
3187571162
3186934909
3186907860
3186859865
3186831637
3208419851
3207157005
3206520240
3205790531
3205630868
3205628266
3205290830
3203652299
3203595733
3203567175
3203561907
3202097963
3202049411
3201187211
3201091492
3201066021
3201053083
3200996799
3201233854
3201152981
3201116465
3201100051
3201026308
3201030472
3200967184
3200974183
3200961078
3199951334
3199881991
3199799056
3199813234
3206892050
3206875403
3206808376
3206122064
3206068290
3206072228
3205996748
3205120197
3205069366
3204997290
3205030428
3204242291
3203988000
3204031523
3203926056
3203882885
3203844559
3207100491
3207070475
3206750721
3205939795
3205748972
3205735106
3203777849
3203482948
3202703022
3202626442
3202621757
3202250854
3200036230
3200014251
3208469883
3208375453
3207779011
3207782053
3207789918
3207674595
3207619733
3206709692
3206489289
3205896670
3204934684
3204916340
3204848974
3204843563
3204819791
3203715682
3202509613
3202452566
3202211468
3204490569
3203656750
3202261490
3202172653
3202107011
3199059578
3198498882
3198066005
3192267778
3192272745
3192215855
3191328873
3190609991
3208505973
3208420625
3206884888
3206799123
3206824944
3206717191
3206719793
3205019650
3204844150
3203035352
3203007321
3202617193
3199367762
3199279589
3198842601
3198789682
3208499390
3208503126
3208448446
3208454259
3208337722
3208295190
3207795973
3207799884
3207709298
3207700488
3207606917
3207631583
3206702015
3206606623
3206624617
3206538683
3206566809
3204832400
3204752427
3203861685
3203802720
3203704763
3203656264
3203593150
3203552709
3203092333
3203080594
3203024960
3202055927
3202003737
3201069429
3201016921
3199218587
3199174070
3208444706
3208416732
3208420242
3207593906
3207261496
3206922247
3206867085
3206766019
3206367765
3206380751
3202108216
3202142678
3202099845
3202034165
3201988934
3202023012
3201939027
3201744305
3201729668
3201610415
3201553900
3201545752
3201520407
3201397196
3201421927
3201337223
3201350629
3201305757
3208250901
3207100684
3206597739
3206611630
3206554978
3205836300
3205002576
3204974140
3203869726
3203863049
3203383824
3201525875
3200224029
3199608443
3208432699
3207113936
3206547243
3206053362
3205047916
3201653831
3199192823
3199155869
3197581427
3197517145
3196617098
3195694465
3193436415
3193334214
3193286551
3193300494
3190363843
3207120837
3207079828
3206292781
3201868293
3201865713
3201864041
3201436517
3198730286
3197341138
3196508832
3195435305
3194480365
3193200726
3192309997
3188622018
3188559730
3207715241
3207658410
3206494538
3205716862
3205740102
3205643658
3205578850
3204757244
3204780520
3203732545
3203260325
3202880895
3202796564
3202756691
3202781033
3202703066
3207847134
3207841649
3206921011
3206792235
3206766640
3206741092
3206677345
3206126103
3206133895
3206131447
3206089139
3206056205
3205978380
3205039936
3204971959
3202971932
3202872810
3202826496
3202755545
3208531206
3207773130
3206091245
3206007198
3206012936
3205898473
3205912186
3205679220
3204773104
3198866426
3197734265
3197703718
3197683173
3195114755
3195068179
3195053706
3194837220
3194825219
3208138895
3206726478
3206657151
3206671383
3206600454
3205054336
3205038142
3205014458
3204774388
3204693259
3204675408
3204672254
3203987944
3204062091
3204030242
3203757945
3203627335
3203590322
3203545520
3204579938
3203479154
3199922945
3199892695
3199878227
3199874777
3199066890
3199105202
3199091439
3199048174
3199033426
3199030211
3198957587
3198563669
3198493308
3198417501
3198420151
3198366369
3208057599
3207905865
3207900333
3207649684
3207511581
3207134894
3206544085
3206414785
3207564194
3205587226
3202881610
3199874531
3199880102
3198856821
3195866155
3194888086
3188496857
3187123540
3206177122
3205661241
3205248720
3205296730
3205265147
3205173241
3205291613
3204819209
3204861164
3204323256
3204322466
3203667358
3203600892
3208531538
3208488882
3208083228
3207074198
3205583645
3205610374
3205556924
3203123321
3203069309
3202995177
3201799179
3201826642
3201752479
3200395915
3199710289
3206321358
3206277702
3206246317
3206273070
3206271607
3206270524
3200421531
3198530100
3198506599
3208196192
3207924572
3207879248
3207839879
3207231444
3207188401
3207155188
3205859606
3205814317
3203629011
3203622614
3203436913
3203440228
3202498262
3202474335
3202238996
3201466804
3201453784
3201419421
3206622891
3206549180
3206542455
3206523575
3206459708
3206435315
3206243750
3206272132
3206260924
3204322280
3204302343
3204301225
3201193211
3201165117
3201118894
3201103470
3208144203
3206764189
3198821916
3197597236
3197539323
3197584039
3197484642
3197303942
3197275952
3196174077
3193548280
3193497641
3193261010
3193036808
3192960324
3192692296
3192700656
3208239710
3207930791
3207847706
3207798432
3207822340
3207766403
3207743671
3207638868
3207631301
3207265110
3207262328
3204801107
3204724600
3204700077
3204623194
3201811113
3201747813
3201753741
3199965894
3207825863
3207751834
3207684433
3207643958
3207176833
3207136406
3207086306
3207071983
3207029352
3206899557
3206945402
3206920509
3206871005
3206805602
3206749013
3205886374
3203843482
3203749091
3203703546
3203540295
3202613888
3202610250
3208266700
3208253679
3206413968
3205752533
3205743559
3205700418
3203135023
3203113435
3203083612
3203016751
3203022858
3202666133
3202519077
3198500419
3197463470
3196579470
3196127335
3195730401
3195655876
3195599474
3207736416
3206784835
3205013028
3204968624
3204982591
3202931762
3201546132
3200760468
3200566332
3200437642
3200258376
3200124608
3205896303
3203818811
3203012490
3200332294
3200089359
3200079959
3195134674
3195090779
3208537196
3208425816
3208402734
3208317911
3207942931
3207836381
3207840720
3207770473
3207702785
3207645544
3207566847
3207531995
3207276444
3207232738
3204994093
3204987596
3204926042
3202886495
3202798067
3202778127
3202728771
3202709875
3201048048
3201032005
3200966529
3201001099
3200195099
3199524011
3199319597
3199342308
3199266913
3196659560
3205740107
3205026042
3204937788
3204931514
3204906177
3204844456
3204850691
3204769700
3204765632
3204749654
3204596546
3204556625
3204543183
3204258884
3204266229
3204272741
3204240668
3203307059
3200187298
3200110298
3195783720
3195779885
3195695653
3193297839
3193292310
3193086760
3192958027
3192992127
3189085143
3185020669
3184874858
3184807752
3205900596
3205855097
3205657148
3205629681
3205628608
3205574978
3206219647
3206177839
3206206945
3206223878
3205039307
3203994550
3201600134
3201546816
3201523711
3201489420
3201076936
3201074088
3200994455
3200960807
3200269626
3200253343
3208490625
3206039932
3205753058
3205101668
3208524039
3208366448
3207876011
3207705556
3207557477
3207530885
3207233066
3206958524
3201579630
3199341318
3197187466
3195354713
3195258145
3195213393
3195175232
3194730359
3194703756
3194544506
3194437006
3193309035
3207930118
3207833833
3207825407
3207724297
3207644682
3207619887
3207573325
3206843710
3205786310
3205719729
3205648173
3205664095
3205660624
3205519465
3205064661
3205069803
3204874263
3204828429
3208037482
3208055400
3208043657
3207998763
3207963010
3207899366
3207905642
3207911751
3207838312
3207864586
3206229916
3206208989
3206218263
3203375119
3203274814
3197625704
3196805210
3201793181
3201830336
3201768492
3201572575
3201525448
3201395807
3198713092
3198459363
3197194250
3197002827
3196989247
3207884556
3203685839
3202790851
3202697965
3202655104
3201728340
3201693505
3201665490
3206548074
3206571746
3206526776
3206095940
3206052001
3201931260
3199727861
3199754388
3199122034
3199093297
3199042205
3198977992
3198060807
3192528871
3192520341
3192436807
3208533154
3208456910
3208454475
3208450592
3208375418
3206582988
3203924971
3203910230
3203846759
3203710575
3203663630
3203137180
3203135154
3203123960
3203139811
3199470523
3199463234
3199367851
3199393096
3208476836
3208401924
3208346009
3208061783
3208006587
3207954312
3207873243
3207787343
3207716550
3207664604
3207515351
3207276679
3207137929
3207989346
3207986424
3207954320
3205264371
3204873168
3204440710
3204391499
3204319460
3204325025
3208545925
3207537489
3206665457
3206601603
3206564719
3205950178
3205820037
3205716158
3205037860
3204997958
3204927752
3204902398
3204826261
3204676365
3203660979
3203521609
3201633810
3201598064
3200171622
3208017939
3207647538
3206935411
3206867493
3206883130
3206735332
3206709808
3206692591
3206635529
3206602702
3206585546
3208401977
3208339507
3207851204
3207807170
3207539585
3207514528
3207259528
3207241999
3207179224
3207185953
3207154521
3206963826
3206972735
3206613528
3206558343
3206477557
3206438042
3208330771
3208267851
3208274336
3208271029
3208197216
3208192850
3208149624
3207761105
3205833811
3203869964
3203785250
3203736658
3203679377
3203638754
3203510791
3203494403
3202939783
3201665457
3207809266
3207176325
3207142638
3207125675
3205964296
3205025077
3204716596
3200739141
3199429692
3199421179
3199131944
3199077393
3198697043
3196064877
3195299269
3194611457
3193420053
3192072874
3208413239
3207797182
3207769441
3207754432
3207114201
3207112481
3207091163
3207069875
3204600510
3203761654
3203217547
3202223659
3201121319
3200284554
3200252229
3200236854
3199998899
3208112258
3208069113
3208047412
3208055063
3207919760
3207862118
3207824660
3207709207
3206954627
3207003010
3206961161
3206908572
3206916911
3206924824
3206766407
3205016700
3204340680
3204301441
3206977298
3206992591
3206944390
3206368997
3206354919
3198844405
3197449116
3195036368
3191293579
3204508573
3199060302
3199045485
3199032373
3197994603
3198041928
3197168038
3197024825
3197031351
3196987400
3191943113
3191950825
3191533700
3191493991
3191427100
3191379675
3206163439
3205736585
3205100478
3203150604
3203118146
3203144341
3203140080
3204245813
3204062217
3203907429
3203894439
3203837220
3203795770
3203790915
3203743981
3203658534
3203632055
3203496131
3203452675
3203190330
3208353209
3208288922
3208194281
3208014444
3207515248
3207561704
3207275124
3207240155
3207181813
3207013685
3207031998
3207011198
3206999426
3206433209
3206391467
3206348443
3206302315
3206286111
3206264640
3206253688
3208423930
3208295831
3208299793
3208195310
3208202503
3208159529
3207011028
3206829839
3204839102
3204861961
3208450234
3208342956
3208259305
3208261518
3207959093
3207995526
3207970665
3207917203
3207900883
3206256644
3206274314
3205653216
3205577241
3205565101
3205552613
3205529759
3205264238
3205212372
3204520012
3204500874
3204393666
3207909695
3207943667
3207858868
3207267530
3207274474
3207283494
3205735889
3205015240
3205012099
3204643110
3203785905
3203698207
3203475894
3203449204
3202789596
3202744236
3202679517
3208128414
3208126823
3208076692
3207073781
3207037391
3206324067
3206291118
3206258803
3206257121
3205884725
3205537258
3203776261
3203695478
3202961237
3201295969
3199457324
3198592196
3195487062
3195480938
3195414589
3193217806
3193169405
3193128455
3186792556
3186773473
3186676583
3208458933
3207145581
3206855267
3206787763
3206811057
3206435603
3206355737
3206129870
3206073004
3205918265
3204717193
3204713514
3203907001
3203911708
3202215815
3202209751
3202117693
3202092390
3202064059
3202008027
3200335812
3200306973
3200223822
3193092709
3192356569
3192391194
3204931319
3200370450
3199787593
3198797905
3195951565
3195030935
3194206539
3191088280
3206332373
3206253743
3206271837
3204482091
3203280256
3203236941
3201092718
3199895241
3199884592
3199776415
3199090278
3208411408
3208343417
3208320646
3208258408
3207797764
3207784243
3207643803
3207532798
3207245779
3207260378
3207098928
3207103749
3207080406
3207027908
3207016341
3207053354
3207004509
3206448297
3206453400
3204916020
3203190086
3203149881
3203107542
3207806108
3207782043
3207738325
3206679279
3206654812
3206609229
3201954593
3201869829
3199648780
3198812186
3196868183
3196838636
3195732725
3194805815
3194842162
3194839780
3194755885
3194630701
3194557056
3194582387
3194472297
3208306261
3207773133
3199615256
3199578944
3198750392
3190523478
3190491756
3190456832
3190411975
3190365254
3190369944
3187468400
3206039266
3203340633
3201721805
3201672198
3200407457
3199886484
3199873453
3199807096
3199645819
3198945537
3198772023
3198698359
3198364675
3204061568
3201326133
3197050235
3190158150
3189380988
3189239603
3189158392
3189121197
3200061642
3200007234
3195090205
3195045129
3194955056
3194913849
3194910895
3194209404
3194149211
3192231015
3192172782
3207842588
3204943891
3204804205
3204509745
3200092219
3197094882
3197047010
3196586220
3196549546
3196517094
3195677481
3195672616
3195619271
3195625315
3208266734
3208304228
3205867515
3205676694
3202959636
3202167617
3200344458
3200239196
3199270802
3198492608
3196193039
3194111533
3194035616
3191385829
3207661473
3206217052
3203471840
3203437027
3203443928
3203073460
3203029416
3203014736
3202959308
3201359737
3201269248
3199980845
3199431346
3199135444
3199122154
3206983481
3206930180
3204787152
3203490475
3204699903
3204655132
3204630836
3204624364
3201618652
3198862360
3198799519
3198802663
3198613239
3197611240
3197538220
3197529746
3197495380
3207569250
3206643210
3206558499
3206095341
3206081011
3205795182
3205790305
3204473334
3204056747
3203993876
3203909703
3203915683
3203891594
3203857492
3203794245
3201360419
3201295998
3202145267
3201668563
3199121384
3199002203
3197285910
3196014537
3195113763
3193511594
3192134142
3191703369
3191720229
3208074455
3208121931
3208101227
3208063733
3208020699
3207971737
3207917153
3207849426
3206973527
3206759993
3206672024
3206637596
3206545851
3206496213
3206111147
3206096916
3206030405
3205954337
3205916171
3205869646
3207689360
3206473090
3205540677
3203198478
3198517898
3198433330
3193368265
3193331130
3193304138
3193215153
3193098858
3193100608
3193025043
3192506782
3208246262
3208243028
3208130641
3208041188
3207977659
3207573038
3207288192
3207274060
3207260067
3206943001
3205929674
3205874130
3205678815
3205663485
3205651127
3204540276
3203998318
3208537663
3208103932
3206855525
3206861633
3206716997
3208062239
3208050355
3207974284
3205098864
3205097047
3200698917
3200766312
3200686350
3200537340
3200436098
3200399189
3199532616
3197257994
3197234010
3197213561
3196608799
3195658118
3205576671
3205539657
3204571997
3204509748
3204494267
3203470105
3203402558
3204709865
3204634576
3203815397
3201694587
3199515027
3198425460
3198442137
3197132066
3196676732
3196660488
3196586582
3208434667
3208335629
3208168130
3208153056
3208150901
3206393233
3206349968
3206293867
3206284584
3206281480
3206279940
3206229056
3206177861
3206177029
3206174688
3206202556
3208116753
3208125223
3208091969
3208100670
3208049225
3208007942
3207965796
3207999907
3207924290
3207273699
3206932262
3205933037
3205907673
3205889735
3205823922
3205775399
3205790112
3205747022
3203767465
3201810064
3201737857
3201656027
3201622615
3201556984
3201447983
3200721756
3200539387
3208395792
3208318063
3208361765
3206166408
3204748546
3204686833
3203603961
3203418926
3203420283
3201731742
3201233976
3201169124
3203871162
3203301978
3201867767
3201751115
3201310668
3201290081
3201211404
3201105302
3200960344
3200452042
3200375109
3200334340
3208311739
3208272912
3207153954
3207117792
3207045887
3207064056
3206665084
3206647657
3206414219
3206619888
3202017354
3201896309
3200915822
3200000424
3199220269
3199156858
3196007627
3196043438
3195228031
3194873198
3205789530
3205536613
3205060229
3205014589
3204992893
3204986651
3204944406
3204887990
3204786811
3204747744
3204636044
3206073831
3206070347
3203916283
3203789523
3203782207
3203735360
3202759826
3202656201
3202448843
3201352534
3201271401
3199220485
3202495326
3201768285
3201764044
3208354981
3208269374
3208254193
3208249930
3208197301
3208176042
3208181431
3208099647
3207664183
3207632394
3208418320
3208422160
3208276374
3208300890
3208198453
3208091828
3207978481
3207935690
3205023821
3204725380
3204057939
3204025230
3203991729
3203924618
3199500105
3199197870
3199211226
3198743362
3198658032
3198650221
3198594427
3198477530
3198463677
3192484775
3192429068
3192410904
3199588247
3198402942
3198420102
3198377419
3197462049
3197410336
3197386417
3197401878
3197350039
3197295558
3197322259
3197242358
3197197035
3196932506
3196650571
3196140231
3194655830
3208513300
3208384132
3208380007
3208223702
3208165417
3208133535
3208140951
3208075657
3208092592
3198733208
3191979452
3191936892
3191732577
3191626230
3185025866
3183782783
3183726100
3183657673
3182021461
3206088370
3205141263
3205111982
3205108542
3205106029
3205104163
3205082460
3204021056
3201716677
3198619989
3197529991
3192304331
3192238961
3184847454
3205709202
3201069951
3200393036
3199399964
3198816212
3198812542
3195015446
3194768568
3208196530
3208214128
3208211722
3207251639
3205294902
3205212008
3204391883
3204321932
3204349989
3204249622
3204247672
3202032520
3202007815
3201678638
3207102821
3206333495
3205551262
3203381903
3200376366
3200083986
3203984511
3203927493
3203807381
3203801638
3203694765
3202918055
3202939830
3202807837
3202815379
3202778338
3202730815
3202692857
3201745286
3207940189
3207885967
3207852621
3207781708
3203528285
3208292984
3208289763
3208207520
3207737859
3207732242
3207658502
3206950260
3206898426
3206915602
3206932130
3206867500
3206863369
3206869873
3206776128
3206771964
3206764400
3206502100
3206429631
3206466127
3206413963
3206984870
3206973765
3206971749
3206917031
3206893349
3206764799
3206706424
3206701470
3206491923
3206437578
3206402181
3206329510
3206184969
3206183569
3206201528
3206148876
3208124663
3206218306
3206178011
3206223966
3206192915
3206180613
3206118787
3206146732
3206134966
3206140344
3205112743
3205099305
3205063969
3205048776
3207075545
3205806969
3205719243
3205723479
3205673728
3205629545
3205627432
3205610233
3205549826
3204949969
3204913405
3204846525
3204849971
3204755383
3204589010
3200489480
3198868953
3198854773
3198862705
3208561199
3208492571
3208389358
3208390361
3208326832
3208269819
3208138949
3207656801
3207682478
3205892882
3206328692
3206335542
3206312221
3202227613
3201976781
3201345703
3199807015
3199491577
3199463098
3199194256
3197250579
3197176404
3197213157
3196723359
3206197036
3206195407
3199150422
3197202367
3197127996
3197057744
3191995769
3189509168
3189517563
3189495430
3189386885
3189257086
3206170210
3206146440
3208330312
3207570466
3206886676
3206880168
3206792623
3206767747
3206309501
3205868317
3205853537
3205757842
3205784379
3204904204
3208473458
3208371459
3207233732
3206459377
3205755218
3199257960
3199181152
3192297365
3192192959
3191603248
3191235076
3191189410
3191165546
3191201239
3204524813
3202669610
3202661787
3201323684
3201310556
3201256596
3200859842
3199932846
3199849352
3196944645
3196981432
3196940466
3196869118
3196856627
3196861546
3195780607
3206706357
3206692323
3206465501
3206463138
3206411511
3206359432
3206272521
3206069546
3206018469
3205641031
3205628477
3204581550
3204537920
3204524972
3204512165
3204254919
3204212806
3203989537
3203405650
3203351191
3204575524
3208026683
3208044109
3208042206
3199144579
3197087852
3197084433
3196005199
3195455899
3195481619
3195407424
3195338512
3208197966
3207150745
3207077829
3206608813
3206578783
3206407161
3205036803
3204869921
3204831643
3204785381
3204783037
3204479173
3204496063
3203760687
3203742016
3203105408
3203077785
3203063187
3202985103
3202968599
3202926806
3202710320
3202204999
3202138913
3200033790
3199232118
3199216722
3199202240
3199036583
3206473280
3206159169
3205030309
3204949491
3204928524
3204904213
3203839424
3206453401
3197243089
3195918033
3195205852
3194533998
3184269318
3184255772
3182379414
3182421094
3206916761
3206893425
3206882396
3206797031
3206684466
3205037274
3204869780
3203754795
3203390859
3206626713
3206216260
3206174076
3206125592
3206066199
3205965675
3205593969
3205610341
3208221006
3208141778
3208498914
3208304663
3207717337
3207752635
3206305929
3204725121
3204587244
3207136290
3206616643
3206640359
3205556229
3205513543
3200450894
3200179179
3199605305
3197439823
3197007744
3205811225
3205798682
3205785845
3205800259
3205261958
3204700553
3201576186
3199788541
3197163818
3196607598
3195392325
3195264308
3194696150
3194721990
3194649441
3203505172
3203462650
3199592776
3199538018
3198830292
3198767708
3198805535
3198762673
3198699108
3196722109
3195940800
3190602823
3207232088
3204682333
3204630747
3204605183
3204559048
3204516343
3204560629
3203699871
3203460283
3206926103
3206775148
3206160670
3206067009
3206045998
3205977508
3205971358
3205836937
3205830968
3205131587
3192858491
3192736409
3192697175
3191839270
3191837867
3191115125
3191140169
3190609558
3189833861
3189708000
3189743626
3189594595
3189573344
3189590729
3187436971
3208066930
3208034209
3207978824
3207984341
3207928087
3207912799
3206944994
3206922261
3206849125
3206835205
3204880956
3204339851
3204278828
3203554644
3201491327
3194842422
3194841253
3194790779
3194777807
3194746434
3194733510
3194310116
3194303820
3194209085
3194241337
3194187329
3194145888
3194105187
3208352177
3208191617
3207957880
3207952526
3207916150
3207902782
3206797633
3206802213
3206716578
3206093936
3206008957
3206031522
3196380411
3196143609
3195637988
3194490430
3194198619
3194221788
3192772311
3192086969
3203735407
3202795627
3199619065
3204264608
3204273626
3199671458
3199647242
3197145796
3194628982
3194633233
3194603740
3193549402
3190638666
3190598316
3188326605
3188314954
3188292561
3188249689
3188236140
3207159591
3206496321
3206436505
3206208821
3206227110
3206194397
3208520058
3206051314
3204966287
3204910075
3208423721
3208419911
3208317786
3208306081
3208285645
3207884017
3207818912
3206436300
3206451046
3206387324
3206405096
3204683953
3204619275
3204626202
3204595235
3203702680
3203673307
3202444804
3208519710
3208535316
3208531520
3208100944
3208049540
3208018090
3208035600
3208043908
3208050861
3208019828
3207967264
3207954025
3207949582
3207897868
3207903926
3207883707
3207777246
3207667735
3207660530
3207636691
3207641773
3207578700
3207535781
3207523142
3207279074
3208028276
3208064232
3208031813
3207975382
3206995038
3206983749
3206981870
3206970972
3206897228
3206210033
3206167749
3206164520
3206122794
3205122234
3205059482
3205104723
3204240276
3203988008
3204022620
3203525905
3203479248
3203454181
3202067214
3201976366
3199544456
3199560183
3199395929
3199349754
3197116224
3197141610
3196065968
3196009914
3201529746
3198742231
3196128782
3195170226
3195078055
3193135497
3208542177
3208304974
3207811190
3207765317
3208307344
3202012030
3201928824
3201426686
3201403256
3199083616
3198994660
3192837843
3192881776
3192819357
3192816776
3191061850
3207805173
3207758017
3207722577
3207147899
3207145958
3207172695
3206854980
3206721986
3206666652
3206938421
3206198999
3206178310
3206187518
3206216721
3206172435
3206169416
3206167637
3206136436
3206162635
3206089065
3206084909
3205945700
3202756057
3202719383
3202703109
3202618584
3202631582
3201890180
3201850041
3208504909
3208289641
3207863150
3207870382
3207817300
3206804559
3206448795
3207734174
3207759831
3207655811
3207642988
3207005796
3204534531
3204511313
3199610829
3199577503
3197487788
3197439348
3197413942
3197021151
3196977839
3195995350
3196021445
3195967449
3195953275
3205160106
3205120402
3199692290
3199649272
3199636047
3199564515
3199448781
3199462256
3199346485
3199157596
3199162947
3198998434
3208060236
3208007715
3208004347
3207897782
3207892112
3207101278
3206308510
3206335046
3206322066
3206950266
3206917668
3202794921
3200748264
3200734955
3200373824
3200307356
3208537805
3208450597
3207979964
3207903291
3207877199
3207788099
3207729371
3207559910
3207234857
3207169604
3207131308
3206992512
3206991223
3206891766
3206867018
3207617281
3194239776
3194142963
3192465466
3192055644
3192099873
3192036907
3192003630
3190116163
3203909669
3201667338
3199431965
3195289162
3195270475
3192293081
3190265299
3189138865
3206906251
3206903779
3206887171
3206067089
3204977622
3204974139
3204897206
3204481547
3204469805
3204408099
3203385369
3202909348
3199021988
3198939212
3198776943
3198774936
3199562240
3199496510
3197132223
3197097390
3197102929
3195926266
3195874415
3188012106
3187927028
3187889698
3187324626
3187302369
3187289879
3187165115
3206007693
3206043636
3205948132
3205943217
3205928210
3203379107
3203317860
3203269995
3203237115
3203586227
3203038984
3203072726
3203017862
3202992764
3202690114
3202163092
3206943903
3206891534
3206087699
3206104331
3206061489
3205951175
3205738743
3206437746
3204610554
3204549214
3204555017
3204562817
3200291981
3198058995
3198047310
3196170938
3195451019
3195006747
3193289138
3193249741
3203297603
3203275223
3201339607
3201355863
3201272748
3201219530
3201216031
3200685638
3200723515
3200690910
3200207825
3199678091
3208389906
3207791204
3207536664
3207188234
3207180609
3207125408
3208241449
3205890499
3198066197
3197554789
3197160034
3197047549
3197016054
3196605101
3206162166
3206130120
3205214018
3205172976
3204935725
3204949753
3204891227
3203141951
3203110039
3201502159
3199696691
3197636513
3197596350
3208101491
3208120177
3208019090
3207708312
3207701373
3207637044
3207511036
3206906815
3206813736
3206737487
3206697854
3206662036
3206596386
3206640611
3206474240
3206456607
3206976113
3206994915
3206954275
3206962638
3207000302
3206919418
3205056920
3205063395
3205018218
3203998330
3203994954
3204061995
3203889484
3203882842
3203050438
3202993518
3202953848
3202908992
3202866676
3202441780
3201488289
3201365742
3200424927
3198653905
3191989975
3191427786
3191237120
3190043215
3189956694
3188625879
3188559639
3188514700
3202774240
3199688496
3196664595
3196607798
3196535773
3196377363
3196113087
3205971838
3203790701
3203645620
3203601804
3203031345
3202980864
3202933340
3202868947
3202861352
3198798343
3198775186
3198760406
3198725667
3197232047
3197227749
3208378161
3207888766
3207863140
3207809013
3206720996
3206079055
3206092910
3203078885
3203039105
3202975433
3202968788
3202838595
3202841171
3201289177
3200232864
3200163957
3199598934
3199635847
3199632462
3199629741
3195973807
3208538679
3208524276
3208478773
3208325179
3208122452
3207119445
3207107529
3207114073
3206746302
3206752586
3206299974
3206286081
3205112518
3205111527
3205087820
3205076268
3204806738
3204550348
3208084582
3208121121
3207950428
3207897586
3207912391
3207869171
3207797647
3207594892
3207539379
3207283837
3206987347
3206992263
3206749205
3206698369
3206673744
3206647199
3208362035
3208305025
3208304039
3208290973
3207995668
3207907601
3207922809
3207764057
3207708315
3207682299
3207661404
3206823932
3206712435
3206696784
3206130921
3206101830
3206015641
3205929847
3205883223
3207838873
3207797815
3207811949
3207000179
3206937096
3206924274
3206921026
3206886896
3206840492
3206774284
3206394199
3206382173
3204273413
3208110296
3208008510
3207996342
3207829838
3207813573
3206951302
3206951769
3202269095
3202513748
3202266250
3201471172
3199241332
3199227425
3199214728
3199170972
3197303588
3207057605
3205811273
3205554075
3205551994
3205179172
3205246451
3206180165
3201739913
3201719846
3201641983
3198693974
3198677650
3198336481
3195506626
3195061217
3194093111
3193420229
3193312562
3192569404
3192554449
3191103774
3189045640
3188233711
3188154355
3203636516
3199069399
3198359415
3196602638
3196090837
3194378574
3194424723
3194367487
3194245998
3194222552
3203412260
3199193511
3199086955
3195606154
3195571834
3208477638
3208318205
3208145780
3208010264
3207975994
3207875098
3207781960
3206896798
3206904297
3206681620
3206298833
3205752288
3205290078
3204475849
3208572445
3208498344
3208542786
3208509875
3208487419
3208484249
3208359801
3208295547
3208291823
3208198116
3208222979
3208229902
3208137499
3208164035
3208127796
3207886040
3207879735
3207792903
3207727903
3207751947
3201591479
3200730399
3200538353
3198911998
3198911010
3198870722
3198849566
3198381217
3197597684
3197645220
3197635597
3197560396
3207760383
3207528427
3207522789
3207277250
3206784795
3206748665
3206672949
3206646950
3206602316
3204872352
3204851573
3204773841
3204699603
3207739775
3207673996
3207638130
3207624177
3207271838
3204430607
3202454104
3199277376
3198470452
3198405958
3198338635
3197734178
3197393483
3197351101
3208537768
3204619556
3204577444
3201020207
3198409898
3198366775
3195641639
3195096540
3195142254
3208112399
3208090606
3208068503
3207670699
3207004329
3206972960
3206918584
3206896748
3206412737
3205765233
3205709121
3205693654
3204966774
3204800511
3204575701
3204510151
3204701665
3202856509
3202890911
3202838198
3198003930
3197506010
3195125479
3195037049
3205531400
3197682891
3197732326
3197731784
3196900240
3196804616
3195848401
3195817829
3195856230
3195835489
3195813599
3205605005
3205621724
3205568736
3202115266
3199034115
3197500730
3195652266
3195584967
3193335247
3193227356
3193179121
3191719117
3191703059
3197635958
3196856110
3196510204
3195481079
3195445302
3192777692
3188766148
3188705685
3188657247
3188595836
3208122714
3208092407
3208070229
3208068024
3208037034
3208045064
3207901462
3207877260
3207859897
3207822335
3207736451
3207633134
3207591530
3207556605
3207563235
3207249447
3207246252
3201071451
3201056027
3194974756
3194088917
3194112786
3186486115
3186440815
3186402791
3186328139
3186299106
3206196367
3206224076
3206118232
3205978913
3206482754
3204058582
3204035880
3203919523
3203885791
3201360522
3201260918
3200288371
3198720507
3208540007
3208447381
3208382470
3207853836
3207849773
3207729012
3207698821
3206530610
3206474479
3206510475
3206131171
3206150049
3206076003
3205960053
3205037902
3205034322
3204959690
3205075830
3201820026
3201551771
3201354222
3201937293
3201381784
3200038469
3199886076
3199669951
3199607027
3199592612
3199556748
3200727989
3200696871
3200695339
3200683478
3200578189
3200536191
3200443986
3199321581
3197067910
3203186435
3199181602
3198913564
3196977366
3196973483
3196979845
3194424209
3194347646
3192915863
3202633125
3195523082
3195430224
3194024808
3189977065
3189982027
3189918466
3189503615
3189389573
3189404790
3208480519
3208377110
3208032694
3206947343
3201215351
3201231020
3199122342
3194952378
3192112087
3191997257
3191056413
3190788942
3190784187
3190782338
3190184797
3189939049
3189943992
3189927176
3207117984
3206941576
3206676064
3206306915
3205909289
3205834483
3205798675
3205770880
3203066200
3203080706
3202987079
3202954271
3202888646
3201703657
3197289899
3196835354
3196853645
3196851315
3196810208
3196806813
3196805384
3208047366
3207950901
3207513300
3206778306
3206801432
3206484490
3198389807
3198356662
3197374454
3201709433
3201715311
3200248962
3200214808
3200179668
3200144418
3201844176
3201831524
3201778285
3201772972
3199682012
3198844947
3197588795
3195287365
3195062728
3194777773
3194702824
3194658626
3194633460
3194203313
3194178340
3193386609
3200300310
3199348805
3199085542
3198665828
3198428708
3196792403
3196719035
3196725939
3205024561
3201422799
3201367615
3199798695
3198421927
3197003058
3195983392
3195909300
3195815411
3204592911
3202968491
3197566629
3195736824
3193352499
3192538435
3192534485
3190499328
3190484517
3190457290
3190388253
3190317066
3190267337
3189223802
3201806346
3201794168
3198812547
3198765810
3195827359
3195834145
3192984522
3189972851
3193138541
3193144033
3193099668
3193094530
3193089959
3193046342
3192349973
3200524140
3197025311
3195382022
3195230847
3195183297
3191470951
3191411944
3191383830
3188692932
3207889440
3207847158
3207789463
3207763792
3206907285
3206895154
3206901953
3206857607
3206742831
3206140784
3206058833
3206065644
3205069036
3208289495
3208303355
3207089287
3207108465
3206362661
3206319292
3205705379
3206732557
3206706391
3206690327
3206122269
3206015190
3205526633
3205514181
3205540821
3204712314
3204029179
3203986270
3204051416
3203036676
3202989592
3203397870
3203372093
3203069730
3201056929
3200444942
3200317012
3204423613
3204392780
3204339436
3204319115
3204306569
3204334191
3204304435
3199698364
3199668225
3199667272
3194690098
3192645178
3192603712
3192620751
3204621437
3204505073
3203658834
3203405731
3202736346
3201208304
3201223097
3200329227
3200340701
3200196516
3206158643
3206135326
3208450831
3208378341
3208414266
3206695948
3202516070
3202509797
3202153966
3202107196
3201966276
3201649735
3201563699
3201517876
3201493188
