3210853404
3210922690
3210889989
3210871328
3210837210
3210582416
3210499061
3210921152
3210820221
3210496849
3210457026
3211051564
3210956057
3210554259
3210477959
3210801586
3210743043
3210735766
3210676326
3210643358
3210617198
3210600788
3210545664
3210520960
3210455374
3210520448
3210475773
3210614366
3210568548
3210513837
3210630956
3210604203
3210518906
3210532302
3210841052
3210776158
3210754256
3210668603
3210681513
3210546437
3210692700
3210673721
3210639989
3210619756
3210762094
3210602582
3211015460
3211002888
3210661408
3210901073
3210838136
3210971602
3210885046
3210814802
3210788783
3210763361
3210707752
3210674081
3211019373
3211030786
3211000065
3210976989
3210788055
3210854164
3210853807
3210789320
3210763386
3210744271
3210689133
3210729837
3210768804
3210513940
3210625968
3210568642
3210765920
3210737504
3210920412
3210648072
3210823616
3210776213
3211038214
3210996960
3210605228
3210529634
3210552672
3210475548
3210682692
3210619201
3210584207
3210885852
3210677578
3210509925
3210698343
3210564773
3210912063
3210579238
3210654446
3210527541
3210459376
3210494226
3210598789
3210621662
3210526829
3211046382
3210821875
3210766865
3210486156
3210478796
3210649760
